A_1: 0.4550482649377344
A_2: 0.6696268555803451
A_3: 0.25152161011535745
A_4: 0.6222314914430067
A_5: 0.5889747830868854
A_6: 0.1587960280550189
A_7: 0.6945519429710335
A_8: 0.5517682035294575
A_9: 0.3236725261921011
A_10: 0.81481496987109
B_1: 0.9697319871090494
B_2: 0.61829757606233
B_3: 0.15583759554023113
B_4: 0.03768094671088318
B_5: 0.9122812092428699
B_6: 0.5130671285905345
B_7: 0.1597019017158141
B_8: 0.3844293229896836
B_9: 0.4495427759684515
B_10: 0.5806418676270761
C_1: 0.3802586746237292
C_2: 0.25509110685835357
C_3: 0.5439503204810167
C_4: 0.6677744700701675
C_5: 0.21250210238682177
C_6: 0.44344862618946757
C_7: 0.019596591283195908
C_8: 0.14998803091346546
C_9: 0.981885181743262
C_10: 0.3371297943809942
D_1: 0.8212100905648891
D_2: 0.9143047439885352
D_3: 0.39102427251029825
D_4: 0.2114716929977799
D_5: 0.24004568578107432
D_6: 0.9653558126788533
D_7: 0.37754165634529524
D_8: 0.611153483289238
D_9: 0.760583825979291
D_10: 0.9680027583608936
E_1: 0.2564977860798253
E_2: 0.4038453326467337
E_3: 0.316561015998859
E_4: 0.10142955945671561
E_5: 0.39599325627457116
E_6: 0.08858968764926545
E_7: 0.45287371938281307
E_8: 0.42812020466036904
E_9: 0.9975987023949883
E_10: 0.6546026768515425
